1.50865
1.38875
1.21606
1.06346
1.26884
0.779079
0.950414
1.36036
0.746455
1.30043
1.417
1.16466
1.58834
1.19692
1.09215
1.63605
1.4278
1.07309
1.30389
1.32079
1.14817
1.9351
0.9339
1.24999
1.65529
1.17866
1.07731
1.32337
1.02453
1.65868
1.35356
1.48163
1.64303
1.24603
1.56239
1.5395
0.91127
0.893369
1.03027
1.176
0.911549
1.06317
1.52178
1.31258
1.64456
1.40018
1.16421
1.1223
1.16371
1.31295
1.18489
1.39515
1.66969
1.13195
1.41953
1.43045
0.986977
0.969493
1.5223
1.25887
1.19688
1.10687
1.66421
1.43977
1.17226
0.908192
1.07787
1.17259
1.31053
1.33993
1.24509
1.64581
1.57301
1.37527
1.46486
1.31666
1.557
1.32065
1.18514
1.26347
1.3344
1.05465
0.924106
1.22851
0.882589
1.10469
1.3345
1.41321
1.44152
1.24577
1.47139
1.32235
1.10323
0.922647
1.26774
1.3123
1.33838
1.09351
1.32455
1.11796
1.22741
1.20999
0.888429
1.66413
1.02121
0.684753
1.59266
1.21661
1.04362
1.17502
1.15911
1.28318
1.69379
1.41073
1.07317
1.12893
1.05571
1.02833
1.37939
1.00047
1.06597
1.02583
1.28198
1.2775
1.42915
1.31226
1.30918
1.27458
1.02972
1.29944
1.41799
1.3718
1.42733
1.26237
1.19451
1.36845
0.963669
1.09305
1.22999
1.33199
1.2252
1.43146
1.2317
1.59837
1.2869
1.23539
0.847583
1.55619
1.71824
1.3466
1.40258
1.61954
1.48373
1.57075
1.39376
1.30316
1.4445
1.53523
1.19063
1.48759
1.42417
1.62723
1.61839
1.10826
1.14673
1.21247
1.03456
0.985032
1.09649
1.40707
1.36465
1.11599
0.701385
0.783574
1.28654
1.25897
1.56371
1.54036
1.21751
1.53008
1.50127
1.67865
1.22578
1.3792
1.44844
1.35334
1.24601
1.3882
0.84046
0.803613
1.06228
1.4744
0.489122
1.06471
0.974243
1.15897
1.44912
1.61695
1.37977
1.1546
1.32697
1.26598
1.21486
1.45846
1.23182
1.01706
1.16102
1.10842
1.38756
1.66996
1.164
1.10165
1.20914
1.20823
1.10971
0.921262
1.56745
1.25618
1.02974
0.91289
0.708526
1.06743
1.15764
1.34359
1.27407
1.26565
0.906812
1.22746
1.45078
1.56834
0.992819
1.23172
1.21156
1.19137
0.670882
1.20325
0.967708
1.1786
1.70828
1.33694
1.34996
0.998673
0.932842
1.11222
1.1655
1.39442
1.13446
1.31861
1.22872
1.32527
1.06935
1.43639
1.35737
1.82058
1.73676
1.23971
1.46823
1.50839
1.65431
1.13405
1.43097
1.13697
1.01043
1.57765
1.44923
1.42987
1.41311
1.47195
1.21194
1.25847
1.29363
1.07838
0.847371
1.62029
1.11059
1.26683
1.54424
0.88725
1.6377
1.04511
1.2581
1.21129
1.41612
1.16503
1.37307
1.30544
1.12703
1.15494
1.15194
0.899304
0.575386
0.467675
1.16094
1.43679
1.25794
0.784332
1.13468
0.797206
1.1178
1.5661
1.27178
1.19325
1.23555
1.56369
1.38291
1.30388
1.75474
1.43219
1.28141
0.93178
1.1302
1.38415
1.56976
0.928097
1.40771
1.62597
1.19667
1.4132
1.29622
1.24716
1.4711
0.960243
1.48384
1.34265
1.18928
1.23293
1.81901
0.931384
1.18115
1.21476
1.67456
1.05805
1.37326
1.38401
1.14835
1.08785
1.42277
1.42138
1.71839
1.04455
1.50242
1.57815
1.53316
1.20408
1.41873
1.56778
1.78986
1.50547
1.55574
1.44834
1.25885
1.23478
1.21058
1.39949
1.21136
1.33713
0.977945
1.42087
1.54704
0.917472
0.664365
0.872766
1.40876
1.26917
0.693588
1.01224
1.28601
1.26658
1.81947
1.19274
1.49125
1.09402
1.59844
1.423
1.62772
1.03889
1.49077
1.29148
1.20674
1.18172
1.3471
1.18512
1.2718
1.15701
1.38946
0.986154
1.26928
1.63185
1.31989
1.13584
1.05031
1.19323
1.00992
1.0143
1.05261
1.00323
1.32964
1.01539
1.59615
1.07359
1.4779
1.35522
0.840511
1.21223
1.23043
1.14301
1.19822
1.22411
1.10212
1.16586
1.62136
1.296
1.00564
1.4667
1.44942
1.78471
1.19633
1.53764
1.47471
1.37154
1.21789
1.302
1.11042
1.41616
1.12988
1.21371
1.09053
1.16681
1.14116
1.23991
1.37492
1.33611
1.08298
1.2694
0.99284
1.469
1.01245
1.38422
1.58022
1.28993
1.39335
1.16607
1.2098
0.968083
1.25305
1.31474
1.47536
1.08149
1.28087
1.52162
1.33229
0.628587
0.637589
1.24131
1.32099
1.07335
1.27957
1.42315
1.19749
1.18091
1.08437
0.952576
1.39591
1.27536
0.893967
1.21119
1.5085
1.03576
1.19728
1.46473
1.16732
1.15262
1.23417
1.16819
1.06623
1.59735
1.42753
1.5131
1.40349
1.18662
0.969013
1.31814
1.35505
0.862076
1.04027
1.19124
0.710863
0.73003
1.33515
1.01601
1.02395
1.08444
1.17709
1.23757
1.26263
1.17112
0.971941
1.35618
0.922633
1.03826
0.996937
1.15261
0.900735
1.15226
1.15282
1.05015
1.19051
1.32245
1.29012
1.20105
0.994405
1.08534
1.01311
1.09877
1.08131
1.21172
1.05698
1.17033
1.09287
1.28679
0.721043
1.06633
1.04073
1.22823
0.858061
1.08875
1.24641
1.43757
0.886037
1.32772
1.34033
1.22418
0.846609
1.27841
1.18312
1.51094
1.435
1.3474
1.33913
1.2875
1.09783
1.12646
1.19748
1.46685
1.12789
0.898482
1.1347
1.30419
0.875199
0.74068
0.96231
1.31467
1.01362
0.666993
0.63291
1.18803
1.01714
1.43417
1.08301
1.27324
1.22513
1.4614
1.22146
1.60284
0.969244
1.25794
1.21051
1.15892
0.915947
1.37961
0.979275
1.10192
1.12901
1.18234
0.483096
0.905771
1.17945
0.986604
1.13623
0.99151
1.52925
1.13203
1.06387
1.40593
1.21871
1.64508
1.33121
1.17277
1.66463
1.40994
1.17166
1.1582
1.28418
1.13488
2.01606
1.00097
1.21616
1.47487
0.880176
0.810114
1.29237
1.02376
1.79083
1.21654
1.28096
1.29108
1.21713
1.5109
1.66608
1.03854
1.11948
1.37832
1.36008
1.05686
0.956807
1.50068
1.33709
1.42246
1.33963
1.25603
1.44588
1.26895
1.05874
1.24332
1.33998
1.41908
1.03683
1.38366
1.19838
1.32444
1.30006
1.7155
1.3881
1.4978
1.23875
1.48247
1.25107
0.907877
1.16615
1.35354
1.39297
1.50242
1.22401
1.19001
1.36829
1.37766
1.15585
1.45839
1.47111
1.16106
1.36669
1.05895
1.12586
1.3653
1.26627
0.856861
1.60857
1.05243
1.13644
1.14909
1.31082
1.30075
1.4096
1.44929
1.5916
1.2222
0.765708
1.29494
1.21281
1.41648
1.197
1.23883
0.933266
1.19191
0.855016
1.27446
0.779418
1.29197
1.06588
1.28716
1.45267
1.22072
1.11983
0.821207
1.08745
0.990042
1.52873
0.852762
1.23307
1.47636
1.08053
1.19857
1.13804
0.986897
1.50351
1.06902
1.35023
1.1164
1.07464
1.34415
1.48772
0.926894
0.920175
1.03669
1.16284
0.811645
0.781561
1.31126
1.24982
1.06261
1.17976
1.4199
1.46617
0.963792
1.24045
1.52203
1.33979
1.29697
1.36221
1.43851
1.4937
1.35774
1.14651
1.59294
1.27669
1.29579
1.20326
1.21854
1.30699
1.09293
0.75091
1.06786
1.355
1.04334
0.826764
0.893718
1.1002
1.33076
0.881588
1.00075
1.16254
1.12454
1.28514
1.04708
1.29435
1.33209
1.32473
1.28556
1.69316
0.935985
1.30046
1.26934
1.40635
1.08417
1.34792
0.754986
1.03683
1.08166
0.883996
0.801732
1.03933
1.18887
1.06882
1.15608
1.5085
1.10101
0.843173
0.921878
1.03543
1.10293
1.44759
0.962575
0.835009
1.17343
0.906317
0.86022
1.29874
0.889493
1.26109
1.17111
1.25237
1.2802
1.26386
1.47063
1.30991
1.37248
1.003
1.20666
1.13432
1.12162
1.18573
0.978944
1.18132
1.18152
1.21806
1.09705
0.935481
1.19255
0.835495
1.12764
1.19731
1.179
1.2079
1.20615
0.905547
1.33362
1.31951
1.51186
1.28207
1.22201
1.40361
1.6689
1.24411
1.24479
1.0612
1.08973
1.23399
0.943764
1.14707
1.35627
1.4418
0.974644
0.88496
0.995056
0.679354
1.10678
0.946299
1.25137
1.13997
0.962284
0.82261
1.13234
1.13849
1.35257
1.33518
1.40707
1.17337
1.34988
1.44726
1.42927
1.10055
1.22967
1.12175
1.18257
1.03327
1.21079
1.00219
1.10602
1.23858
1.40622
0.585709
1.11314
1.0807
1.07449
1.1332
1.39686
1.75897
1.49716
1.7047
1.36902
1.26843
1.59159
1.41028
1.50495
1.62819
1.66017
1.11112
1.90382
1.01152
1.35204
1.69388
1.46668
1.2863
1.58749
1.46096
1.73742
1.6009
1.57373
1.84006
1.5351
1.5771
1.43675
1.3826
1.39134
1.07957
1.30737
1.01273
1.17415
1.61471
1.56698
1.81421
1.4584
1.38249
1.27433
1.25891
1.65072
1.27362
1.15048
1.69824
1.47072
1.18567
1.32519
1.153
0.901664
1.61728
1.54949
1.36602
1.41431
1.82011
2.01154
1.40476
1.01514
1.17111
1.3969
1.56237
1.4367
1.58053
1.95237
1.55695
1.66982
1.43161
1.36128
1.82884
1.26108
1.08568
1.33223
1.72415
1.19513
1.11313
1.44493
1.17598
1.10331
1.76627
1.57595
1.55457
1.63392
1.64124
1.4441
1.40136
1.11456
1.33306
1.43585
1.37219
1.18216
1.71495
1.3149
1.0251
1.18354
0.880895
1.35691
1.27784
0.876061
1.0629
0.876243
0.959646
1.29411
1.42605
1.17738
0.99705
1.18357
1.10061
0.903724
1.28727
1.04783
1.81327
0.926631
1.08408
0.835136
0.977276
1.24143
1.3291
1.39575
1.33494
1.49287
1.20034
1.09694
0.715528
1.17999
1.05983
1.15524
1.30121
1.43049
1.49534
0.991969
0.895626
1.50232
1.28545
1.27605
1.2366
1.23059
1.10377
1.40943
1.02442
1.52166
1.19469
1.76904
1.267
0.766795
1.25151
1.17714
1.07367
1.14893
1.24434
1.33059
1.07094
1.05479
0.705669
0.96907
1.13452
1.02202
1.18065
0.847576
0.978613
1.02918
1.06278
1.45738
1.12088
1.41007
1.78293
1.38472
1.01692
1.17672
1.17097
0.997919
1.38482
0.88576
1.4815
1.26905
0.86688
0.977995
1.15877
1.12263
1.29886
1.30466
1.13289
1.05354
1.24981
1.4436
1.17743
0.987256
1.0254
0.970257
0.574291
1.38227
1.23296
1.33714
1.08663
1.03405
0.895862
1.12123
1.27421
1.27937
1.20718
0.922167
0.970769
1.15511
1.11564
1.25881
1.14705
1.02852
1.07569
1.33395
1.16397
1.12671
1.33347
0.890582
1.19421
1.17294
1.37219
0.793587
1.0589
0.971927
1.09319
1.22387
1.55933
1.20041
0.907946
1.45945
1.57051
1.34826
1.48213
1.25285
1.213
1.11435
0.965835
1.259
1.06162
1.2627
1.29909
1.11965
0.803003
1.0305
1.31452
1.10291
1.30111
1.2293
0.851568
1.11559
1.28626
0.965164
1.45622
1.63645
1.23723
0.711155
1.44327
1.14821
1.23707
1.04021
1.28652
0.699672
0.942534
1.01819
0.948948
1.35371
1.26264
1.05781
1.44558
0.861757
0.933309
1.09739
1.23093
0.988349
1.4034
1.21496
1.70217
1.28266
1.20381
1.0812
0.802606
1.0247
1.05436
1.55983
1.38946
1.41799
1.60477
1.05608
1.14445
1.29847
1.24621
1.76023
1.19897
1.48296
1.06864
1.36888
1.52818
1.38343
1.00265
1.02146
1.33206
0.922982
1.16551
0.866732
1.10242
1.47704
1.309
1.06331
1.327
1.33476
1.22045
1.21885
1.33855
1.64588
1.61902
1.20432
1.77305
1.49679
1.36304
1.3628
1.67771
1.41095
1.51997
1.08911
1.25731
1.14887
1.20553
1.08295
0.825923
1.23018
1.2947
1.27298
1.05456
0.949654
1.52577
0.951453
1.37416
1.3551
1.04734
1.24535
1.28683
1.3501
1.37095
1.464
1.29677
1.73325
0.950536
1.43709
0.976336
1.52436
1.08169
1.43182
1.12172
1.30454
1.4354
1.14751
0.998156
1.08056
1.13009
1.09314
0.929383
0.934629
1.26421
1.03106
1.01669
1.34864
1.24624
0.898174
1.39526
1.32231
1.45926
1.24866
0.838093
1.25177
1.48058
1.2337
1.36326
1.12536
1.21847
0.832061
1.14125
0.881292
1.21556
1.0251
1.5878
1.11022
1.50419
1.26248
0.999459
1.07365
1.14695
1.21799
1.21699
1.40422
1.38241
1.35545
0.954524
1.03253
1.6814
1.41228
1.05639
1.28174
1.1241
1.65604
1.61836
1.21668
1.5561
1.20839
1.41598
1.28177
1.02673
1.57121
1.28664
1.39957
1.29395
0.911332
1.25123
1.54993
1.45329
1.32011
1.2403
1.34377
1.1153
1.50992
1.27228
1.2486
1.7377
1.09502
1.24128
1.41315
1.5529
1.43065
1.40171
1.30896
1.36387
1.23894
1.06965
0.928978
1.17765
1.1854
1.09664
1.33935
1.0736
0.981439
0.939832
1.6677
1.5887
1.03947
1.33495
0.848327
1.11006
1.26524
0.779973
1.40102
1.29856
1.23742
1.15211
1.34337
1.30624
1.25217
1.11289
1.22072
1.51942
1.17852
1.26633
1.33752
0.692727
1.07952
1.30573
1.33712
1.04266
1.3405
1.31039
0.922989
0.970143
1.27295
0.86335
1.17513
1.50013
1.2435
1.36501
0.799232
0.993642
1.46538
1.46995
1.37135
1.2384
1.19956
1.40059
1.4803
0.665218
1.41002
0.951557
1.5346
1.09435
0.776997
1.34259
1.12558
0.846957
0.924314
0.972785
1.31332
1.37505
1.43165
1.18468
1.19947
1.33034
1.13855
1.22143
1.38591
1.22352
1.39771
0.879193
1.37309
0.772536
1.44752
1.26807
1.39289
1.20401
1.23285
1.05915
0.956718
1.07518
1.26032
1.41631
1.03667
1.00629
1.16981
1.23599
1.25349
1.46146
1.25171
1.56032
1.333
1.49214
1.5618
1.27992
1.55505
1.7841
1.18194
1.32071
1.35727
1.46791
1.35725
1.52527
1.24654
1.46303
1.43185
1.22466
1.57213
0.68457
1.27732
1.51425
1.44105
1.09983
1.50504
1.70005
0.733981
1.32667
1.59448
0.927214
1.45296
1.59193
1.39793
1.54449
1.17671
1.17632
1.44692
1.54526
1.23868
1.18077
1.02919
1.76837
1.51089
1.11769
1.35847
0.923755
1.3787
1.1346
1.38956
1.55423
1.16668
1.14914
1.4921
1.25724
1.2307
1.52372
1.50295
1.75084
1.29622
1.50298
1.35307
1.65755
1.60916
1.68815
1.46526
1.20567
1.42988
1.02284
1.37711
1.15373
1.43863
1.19907
1.45974
1.16887
1.40326
1.1043
1.59522
1.62715
1.0668
1.13628
1.42941
1.4881
1.61787
1.56336
1.54306
0.875485
1.63038
1.33434
1.24051
1.27754
1.30093
1.73908
1.46761
1.08445
1.39436
1.30619
1.77585
1.71359
1.60431
1.42764
1.04854
1.07545
1.35524
1.29195
0.515641
1.72588
1.46838
1.73383
1.19937
1.09105
1.16363
0.754468
1.45095
1.53856
0.927009
1.37628
1.32045
1.32129
1.27867
1.14738
1.54353
1.28567
1.06339
1.24867
1.61748
1.47833
1.42653
1.36351
1.3087
1.62404
1.02578
1.23846
1.73561
1.42
1.49209
1.10241
1.02122
1.33599
1.69582
1.49792
1.48603
1.17505
1.4016
1.32817
1.72245
1.27495
1.30892
1.46974
1.27154
1.55691
1.5368
1.48118
1.53984
1.37537
1.22664
1.28641
1.37385
1.1266
1.4252
1.54953
1.60547
1.69022
1.52227
1.14079
1.19771
1.08324
1.43673
1.4945
1.24352
1.20056
0.785902
1.28724
0.801666
1.28349
0.950294
1.01108
1.18238
0.991296
1.39703
1.4515
1.4753
1.05746
1.0137
1.14132
1.04403
0.95225
0.811156
1.37386
1.38955
1.36013
1.16322
0.994308
1.10919
0.829713
1.05221
1.11979
1.3086
0.972495
1.18215
0.818694
1.12225
1.10486
1.30722
1.16524
1.1003
1.0375
1.15976
1.39136
0.993384
1.13483
1.15375
1.47168
1.03139
0.853561
1.47881
1.22228
0.992252
0.805313
0.902996
1.25004
1.25644
1.3533
1.24801
0.847282
1.1494
0.857795
1.10102
1.1212
1.13532
1.25787
0.944216
1.34624
1.02599
1.27292
1.35498
1.3416
1.03799
1.06425
0.849946
0.79284
1.32539
1.33393
1.48286
1.25673
1.22655
0.833866
1.08254
1.07282
1.14494
1.14646
0.895674
0.840678
1.5411
1.66834
1.13261
0.848292
1.3716
1.01706
0.970456
1.16421
0.741438
1.72819
0.813946
1.2415
1.40741
1.18681
1.55695
1.51282
1.06131
1.14742
1.24879
1.02261
1.34458
1.17365
1.32417
1.12591
1.56796
1.65414
1.09264
1.003
0.972902
1.07076
1.51305
1.44685
1.68165
1.15208
1.55357
1.29632
0.959067
1.09642
1.42344
1.2246
1.47003
1.26425
1.39029
0.985811
1.48229
1.22427
1.17838
0.905298
1.23537
1.24395
0.919245
1.14605
1.4007
1.26642
1.28124
0.933078
1.15307
1.0631
1.48419
1.31308
0.928186
1.1511
1.24574
1.40337
1.17433
1.01182
1.08014
1.15675
1.37156
0.969303
1.1185
1.22822
0.956429
1.1961
1.08821
1.23212
1.06998
1.30641
1.3371
0.880078
1.26832
1.5257
1.23254
1.2269
1.29566
0.903359
1.12681
1.2133
1.05997
1.64765
0.572721
1.12747
0.797787
1.20679
1.26534
1.46742
1.18456
1.18806
1.41368
1.21281
1.19511
0.962074
0.92901
1.1447
1.26247
1.08376
1.37611
1.44217
0.994386
1.12562
1.49222
1.36644
1.25646
1.12538
1.5042
1.46904
1.21102
1.43126
1.44586
1.18159
1.51468
1.10018
1.11454
0.966382
1.37256
1.25147
1.22924
1.18615
0.997047
0.905574
0.519705
0.796092
1.08574
0.753046
1.0563
1.22604
0.758497
1.27632
1.13917
1.30287
0.941357
1.57799
1.39735
1.68715
0.982922
1.16252
1.04691
1.17758
1.02938
1.12251
0.853719
1.16268
1.28739
1.30838
0.84291
1.00064
1.11136
1.36778
1.22357
1.37153
1.13732
1.22751
0.989762
1.08451
0.907867
1.06362
1.00867
1.13377
1.32745
0.775478
1.00648
1.05275
0.810016
1.05061
1.24151
1.05552
0.993308
1.30871
1.18665
1.04605
1.1001
0.940631
0.896226
0.968266
1.40048
0.907272
1.19384
0.726893
0.867024
1.32713
1.47833
1.17473
0.97228
1.34524
1.38382
1.39139
1.16702
1.28365
1.01156
1.32459
0.953006
0.815081
0.905081
1.11293
1.05506
0.968788
0.79297
1.0996
1.18798
1.10714
0.966498
1.07458
0.863926
0.998676
1.11419
0.930855
1.29315
1.47845
0.961982
0.848869
1.14637
1.25129
1.25237
1.15569
1.20664
0.720737
0.78105
0.778875
0.874296
1.17193
1.27977
0.926664
1.20408
0.885773
0.947144
1.10221
1.31178
0.915733
1.70688
1.16243
1.50668
1.45197
0.905629
1.32864
1.12712
1.59266
1.3136
1.43697
1.34531
1.3214
1.53518
1.36745
1.31729
1.16295
1.11601
1.07305
1.11793
0.949618
0.810219
1.22613
1.74253
1.25895
0.925161
1.26129
1.38896
1.15453
1.46192
1.27081
1.09406
1.2439
1.34704
1.33989
1.26492
1.55298
1.36695
1.91099
1.71927
1.18112
1.33769
1.53094
1.8082
0.911144
1.14305
1.0205
1.37621
1.59132
1.28302
1.50897
1.5696
1.49267
1.08049
1.30979
1.48074
1.39068
1.25666
1.20674
1.03896
1.48189
1.65348
0.93392
1.66439
0.734048
1.45637
1.43051
1.54454
0.992072
1.57589
1.45937
1.16891
1.39758
1.11587
1.03384
0.6888
1.05703
1.19434
1.3396
1.58169
1.41176
1.47105
1.68559
1.66284
1.7188
1.9141
1.51375
1.36676
1.54027
1.58048
1.4687
1.16282
1.25235
1.64491
1.78171
1.51933
1.63503
1.40593
1.69741
1.15919
1.40639
1.2355
1.7238
1.39261
1.63028
1.09283
1.76365
1.63294
1.71304
1.41682
1.71914
1.51863
1.77584
1.8301
1.50159
1.29335
1.53385
1.60012
1.45632
1.22921
1.86186
1.75808
1.24086
1.1928
1.40687
1.33391
1.37878
1.63392
1.65095
1.22875
1.34163
0.892096
1.24443
1.5681
1.7179
1.69238
1.55299
1.60157
1.57371
1.82296
1.68856
1.68906
1.64146
1.53134
1.22765
1.1328
1.7031
1.53395
1.5939
1.56012
1.82921
1.00233
1.45764
1.52417
1.46936
1.42577
0.927392
1.38504
1.07218
1.20334
1.08802
1.07735
1.2833
1.0878
1.29836
1.58218
1.22566
1.35993
1.58349
0.911347
1.19231
0.658981
1.32782
0.962263
1.19438
1.53577
1.31342
1.23336
1.6203
1.16888
1.31213
0.80784
1.46316
1.54448
0.991691
1.27697
1.49504
1.16973
1.27845
1.29866
1.07599
1.54994
1.48269
1.00259
1.46835
1.5659
1.62541
1.24498
0.826116
1.28427
1.36283
1.23519
0.759065
1.17389
1.61821
1.32465
1.13641
0.875117
0.842507
1.4223
1.32724
1.20769
1.26971
1.22762
1.2666
1.04617
1.49848
1.03126
1.18241
1.50286
1.22095
1.29183
1.37374
1.14527
1.0071
0.737008
1.03161
0.859064
1.08599
1.25299
1.06747
1.43809
0.923405
1.08657
0.78407
1.37754
0.898964
1.54848
0.996168
0.92137
1.40842
1.10794
1.50768
1.19308
1.22012
1.38313
1.19523
1.03496
1.19914
1.24649
1.38754
1.19453
1.41203
1.75617
0.990656
0.938952
0.940869
1.0878
1.46235
1.21521
1.42578
1.25203
1.15081
1.07838
1.16142
1.01539
1.33154
1.37454
1.38444
1.43563
1.40383
1.43856
1.40053
1.20106
1.27509
0.985054
1.28513
1.21585
1.16531
1.39561
1.20432
1.35415
0.988388
0.848344
1.11476
0.958858
1.48761
1.27711
1.22419
0.984294
1.11165
1.48118
1.38618
0.842901
1.22305
1.06171
1.38244
1.25887
1.14185
1.33413
0.825468
1.06381
0.897356
1.19488
0.973237
1.05833
1.46855
1.07502
1.14202
1.47866
1.32481
1.3161
1.15249
0.277221
1.08782
1.11557
1.38439
0.959381
1.62543
1.44518
1.60474
1.26112
1.17741
1.22696
1.19521
1.35965
1.34678
1.5092
1.24845
1.26121
1.13103
0.995352
1.5511
1.22931
0.963188
1.16903
0.951391
1.37218
1.5394
1.42197
1.52754
1.437
1.48409
1.44146
1.30005
1.62972
1.33113
1.60748
1.52579
1.02749
1.39006
1.50967
1.39745
1.44161
1.08399
1.35904
1.10827
1.49304
1.0161
1.17254
1.68124
1.1817
1.25811
1.48403
1.30708
1.59478
1.47382
1.06709
1.30279
1.13849
1.25822
1.19898
1.31665
1.43415
1.16172
1.33086
1.04289
1.00269
0.914653
1.50765
1.67385
0.932473
0.85841
1.18086
1.32311
0.939919
0.931823
1.05756
1.27577
1.32824
1.38751
0.960258
1.03611
1.20117
1.06336
1.12734
0.901718
1.115
1.44254
1.13654
1.22413
0.922111
1.19039
0.982836
0.997742
1.2807
1.11595
1.12329
0.992974
1.32712
1.03955
1.38708
1.40327
1.73955
1.51891
1.22095
1.25331
1.33179
1.23312
0.881931
1.29384
1.18994
1.09115
1.46217
1.15316
1.17567
1.19579
1.27395
0.815107
1.22014
1.27376
0.869145
1.15044
1.35617
0.89717
0.926401
1.515
0.738288
1.52738
0.802152
1.21671
0.940745
1.12747
0.936866
1.17863
1.30388
1.20115
1.04588
1.05555
0.95091
0.534341
0.933619
1.2351
1.14914
1.51802
0.997349
1.8513
1.1109
1.02783
1.1593
1.19251
1.53614
1.20056
1.1628
1.32135
1.46711
1.00531
1.16774
1.05409
1.24079
1.2569
1.47583
1.41248
0.98323
1.04651
1.22947
0.863692
1.02221
1.40919
1.50013
0.829608
1.33228
0.987015
1.12551
1.19214
1.39937
1.31433
1.58331
1.15006
1.34732
1.18189
1.14407
1.24304
1.1516
1.05205
1.41161
1.35588
1.13062
1.22069
1.216
1.23829
1.33603
1.27497
0.883504
1.04377
1.2254
1.1754
1.34948
1.01644
0.872941
1.5424
1.25112
0.840423
0.847581
1.14353
1.29123
1.38981
1.38501
1.6587
1.2514
0.89796
1.10677
1.22839
1.13559
0.924733
1.16189
1.39849
1.20762
1.15451
1.37759
1.49552
1.31811
1.295
1.75152
1.13768
1.04265
1.07793
1.39807
1.26831
1.06827
1.46125
1.4997
1.11878
1.59234
1.24603
1.51191
0.844271
1.34248
1.75775
1.20626
1.31139
1.52023
1.4621
1.31238
1.70359
1.29701
1.99083
1.63692
1.29076
1.54315
1.33794
1.51968
1.09445
1.21154
1.27339
1.31301
1.65471
1.22305
1.52628
1.38447
1.52497
1.11854
1.27163
1.22809
1.44261
1.35969
1.59987
0.911778
1.10925
1.58241
1.25846
1.56259
1.07797
1.57335
1.43375
1.29912
0.984657
1.20877
1.3595
1.04993
0.954621
1.23483
1.19426
0.788791
1.20304
1.6455
1.41518
1.78139
1.12489
1.19304
1.34328
0.98817
1.78195
1.59551
1.15261
1.0513
1.40107
1.15216
1.1988
1.12592
1.64036
1.20767
1.55427
1.71988
1.42866
1.26118
1.24496
0.936664
1.71576
1.5827
1.64098
1.26042
1.55393
1.55685
1.19714
1.20638
1.60122
1.2565
1.53856
1.41711
1.50011
1.08998
1.38318
1.30565
1.49014
1.20774
1.19851
1.34521
0.915433
1.21196
1.5438
1.38673
1.384
1.30213
1.12006
1.21093
1.55951
1.51445
1.26829
1.14634
1.33026
1.66213
1.34615
1.09883
1.23468
1.4479
1.60189
1.12766
0.93833
1.34471
0.895755
0.911411
1.20195
1.38104
1.21491
1.29716
1.49664
1.53911
1.32505
1.76455
1.44343
1.37285
1.49444
1.39017
1.24348
1.12649
1.62076
1.14063
1.59
1.51993
1.70813
1.24323
1.69503
1.28992
1.51331
1.08612
1.72461
1.78118
1.40611
1.08092
1.67132
1.35198
1.89332
1.88412
1.63692
1.83335
1.75472
0.733002
1.60622
1.73643
2.00767
1.38978
1.44551
1.52837
1.38178
1.46711
1.51329
1.77739
2.02108
1.63541
1.3263
1.20565
1.5661
1.75572
1.79387
1.9593
1.38434
1.24182
1.85034
1.41144
1.42017
1.23589
1.76466
1.69922
1.44439
1.29403
1.33227
1.652
1.02916
1.06546
1.68598
1.16547
0.978174
1.3563
1.66328
1.6819
1.00272
1.07159
1.14078
1.02277
1.46639
1.2636
1.35672
1.34373
1.37264
1.23616
1.17673
0.924082
0.893174
1.28285
1.34837
1.19666
1.37371
0.723524
1.18746
1.46582
1.15732
1.13834
1.13848
1.23915
1.31169
1.13476
1.29702
1.20656
1.08663
1.45265
1.1428
1.08998
1.09357
1.46973
1.22034
1.28108
1.07271
1.00425
0.792227
0.706727
1.06245
0.784176
0.888185
0.826864
0.970096
0.95058
1.28731
1.14481
1.16785
0.723864
1.44621
1.37257
1.46397
1.11782
0.963815
1.14537
0.755174
1.00175
0.988979
1.04465
1.19492
1.12708
1.40931
0.838044
1.05202
1.16833
1.44793
1.34496
0.96958
1.01575
1.27926
0.993048
1.52515
1.30656
1.55105
1.21839
1.0625
1.08032
1.08251
1.21668
1.33877
1.33581
1.19193
1.21381
1.04871
0.861956
1.42441
1.13899
0.896885
0.971929
0.879879
1.31329
1.37547
1.34147
1.44121
1.27052
1.42614
1.27096
1.22899
1.47017
1.22886
1.52226
1.45052
0.928567
1.27878
1.4086
1.23379
1.33765
0.97226
1.24738
1.09457
1.46292
0.926169
1.12314
1.51107
1.0592
1.10238
1.4194
1.19794
1.47618
1.3084
0.908922
1.19544
1.03074
1.16966
1.02556
1.26073
1.36595
1.11258
1.23257
1.01227
0.924197
0.886016
1.47375
1.58589
1.15364
1.34358
1.33606
1.55677
1.36406
1.82799
1.37802
1.21173
0.923084
1.02037
1.33579
1.14282
1.02071
1.58734
1.70413
1.32219
0.906252
1.55072
1.5716
1.07686
1.12666
1.47285
1.55089
1.6805
1.63179
1.69015
1.33412
1.82191
1.23059
0.899132
1.19533
1.19135
1.52046
1.43216
1.37073
1.34242
1.34299
1.09293
0.720843
1.09192
0.963015
1.27337
1.69699
0.525858
1.38627
1.34602
1.26804
1.41411
1.66988
1.53332
1.95036
1.38092
1.35341
1.04484
1.34964
1.00523
1.41221
1.10686
1.61121
1.5534
1.26496
1.10622
1.08816
1.23139
1.53296
1.31
1.19571
1.35509
1.32498
0.949991
1.51462
1.46032
0.789014
1.10542
1.36133
0.713229
1.10755
1.51374
1.33
1.465
0.997227
0.761983
1.52212
1.59677
1.14044
1.08464
1.17711
1.66227
1.52792
1.0745
1.32724
0.771953
1.47283
1.04853
0.895229
1.13727
1.0669
1.08648
1.31546
1.06196
1.06607
1.38047
1.24683
1.20328
1.15053
1.23426
1.15101
1.46981
1.17801
1.468
1.50153
1.11367
1.26042
0.941159
1.44345
1.32736
1.42891
1.18851
1.1059
1.03859
1.13856
0.926692
1.18989
1.49071
0.91671
0.999556
1.18095
1.28951
1.37099
1.47478
1.27034
1.44587
1.58037
1.49951
1.49312
1.77662
1.08271
1.33409
0.896497
0.970582
1.17983
1.2232
1.31679
1.71096
0.786989
1.49776
1.344
1.24115
0.875853
1.3043
0.993788
1.52999
1.60987
1.31598
1.25672
1.10443
1.49035
1.05323
0.950818
1.63451
1.37257
1.1326
1.21448
1.27831
1.2909
1.1388
1.47011
1.53357
0.67769
1.10031
0.925647
1.39708
1.49553
1.67328
1.13636
0.904632
1.22034
1.51796
1.55336
1.2933
1.3055
1.32025
1.45003
0.721589
0.657286
1.26531
1.60678
1.50995
1.451
1.61523
1.15351
1.18804
1.53644
1.70717
1.40425
1.62802
1.45399
1.53121
0.975331
1.08689
1.2408
0.991259
1.49621
1.5995
1.27355
1.17962
0.978151
1.24989
1.29977
1.16022
1.45061
1.40837
1.14156
1.1627
1.4856
1.35059
1.24648
1.31991
1.40716
1.45518
1.18649
1.42703
1.82954
1.45694
1.4296
1.0548
0.861899
1.35641
1.7093
1.54831
1.64211
1.29583
1.52669
1.27014
1.5227
1.36896
1.11692
1.59642
1.30788
1.54384
1.34291
1.32449
1.42174
1.39279
1.1073
1.33756
1.37002
1.29295
1.41153
1.52975
1.49637
1.48888
1.43219
1.05899
1.19463
0.89579
1.24133
1.5601
0.873343
0.854222
1.18837
1.08436
1.29566
1.48039
1.48491
1.20318
1.56174
0.937908
1.20639
1.11742
1.39004
1.33332
1.59753
1.56231
1.29665
1.7175
1.53704
1.40991
1.39981
1.65064
1.53139
0.939786
1.25052
1.62194
1.23683
1.0883
0.906161
1.07505
1.29948
1.28198
1.14094
1.2091
1.51863
1.66038
0.910371
1.31158
1.16357
1.32071
1.55622
1.50338
1.39647
1.14562
1.36416
0.896751
1.45667
0.827404
1.52043
1.02843
1.37744
1.27004
1.38274
1.38188
1.21309
0.942142
1.12484
1.00805
1.10262
1.36554
0.859111
0.838627
1.17031
1.15187
0.789992
0.978865
1.42401
1.33463
1.25147
1.33627
1.19883
1.24516
1.12349
1.04304
1.44036
1.61744
1.4144
1.10604
1.54172
1.71663
1.4555
1.23906
1.70576
1.23614
1.0616
1.06819
1.40553
1.21985
0.881755
1.07898
1.12056
1.06405
1.22972
1.47217
1.31104
1.40242
1.64415
1.13535
1.44363
1.53605
1.35106
1.45064
1.61403
1.18736
1.15501
1.29036
1.11943
1.28557
0.897314
1.45606
1.09475
1.43934
1.21091
0.960543
1.30733
1.1408
0.911543
0.977194
1.19293
1.02254
1.21002
1.32008
1.13079
1.19262
1.09818
1.33604
1.53471
1.60921
1.38947
1.65926
1.08
1.14923
0.879715
1.72113
1.54546
1.16073
1.53881
1.63873
1.43365
1.4338
1.35477
1.14727
1.67595
1.69569
0.734173
1.52383
1.77093
1.84004
1.39339
0.858534
1.07629
1.31974
1.37
1.07163
1.43717
1.83683
1.63165
1.26313
1.07141
0.851031
1.69134
1.37401
1.48154
1.38195
1.28724
1.43936
1.08045
1.41566
0.908027
1.44887
1.60862
1.44518
1.34422
1.4627
1.36417
0.78702
0.909658
1.30457
0.903944
1.05494
1.18949
1.06261
1.45283
1.22756
0.96278
1.2902
1.66937
1.60654
1.41304
1.12559
0.707753
1.23757
1.19963
1.37343
1.41926
1.71958
1.24458
1.55382
1.24498
1.16658
1.16159
1.71014
1.62404
1.37817
1.38674
1.59294
1.57517
1.34438
1.31897
0.947556
0.936673
1.47444
1.55653
1.32212
1.3831
1.64952
1.41641
1.41222
1.24073
1.22647
0.696048
1.59995
1.36556
1.42902
1.31945
1.05845
1.61999
1.10802
1.18525
1.22373
1.5955
1.40892
1.3985
1.21789
1.17928
1.24235
1.08299
0.996366
1.02521
0.554944
0.982682
1.42243
0.902506
1.16511
1.07728
1.09026
1.06614
1.15222
1.26149
0.898869
1.11527
1.15613
1.27701
0.991749
1.04124
0.985527
1.53373
1.33252
1.00043
1.31026
1.01269
1.01017
0.880223
1.19721
1.47968
0.863245
0.783488
0.994943
1.05142
0.976207
1.19593
1.23374
1.47014
1.16166
1.06023
1.00909
1.38447
1.29525
1.36344
1.17088
1.02359
1.27443
1.0973
1.07877
1.19819
0.944347
1.13035
1.20735
1.15971
0.988404
1.11328
1.23931
1.18569
0.99346
0.924121
0.908161
0.993811
1.17384
1.10349
1.18328
1.1787
1.35722
1.24666
0.978921
1.38225
1.353
1.05085
0.909709
1.40568
1.16203
1.2648
1.1386
1.22619
1.14645
1.38253
1.0282
1.76625
1.33721
1.53748
1.2097
1.07735
1.42272
0.890466
1.12305
1.03005
1.14922
1.44266
1.28311
1.23227
0.995493
1.27751
1.15963
1.26052
1.40511
1.05531
0.861298
1.11984
0.886006
1.42153
1.29052
1.16577
1.66426
1.04065
1.12768
1.24044
1.40079
0.974789
1.27795
1.05126
1.24599
1.25032
0.719462
1.05377
0.851811
0.877964
1.3202
1.35176
1.19797
1.39148
0.835782
1.14352
1.31406
0.990339
1.32227
1.03762
1.33943
1.151
0.94941
1.2597
1.44313
1.26445
1.41714
1.15708
1.15521
1.47883
0.817849
1.08753
1.42291
1.43354
1.32397
0.970648
0.942141
1.15416
1.28904
1.17844
1.29419
0.853235
1.00202
1.08253
1.39548
1.13314
1.35783
1.18999
1.09673
1.08082
1.58143
1.37728
1.35814
1.07182
1.13291
1.09676
0.957712
0.786706
1.2016
1.46377
1.40814
1.56198
1.60338
0.942949
1.01185
1.12788
1.43531
1.25621
1.43089
1.52637
1.35817
1.53609
0.939328
1.13496
1.42672
1.57009
1.30212
1.08981
1.1844
1.67164
1.27828
1.09865
0.882215
0.417048
1.62877
0.908373
0.960077
1.13354
1.48988
1.11825
1.33058
1.07949
0.943269
1.25804
1.10812
1.32208
0.854672
1.30265
1.10155
1.34098
1.35214
1.59012
1.26838
1.21963
1.14216
1.03083
1.61028
1.18219
1.47313
1.00623
1.23687
0.730048
1.18862
0.926015
1.37486
1.61013
1.21544
1.40362
1.25365
1.51213
1.5673
1.6124
1.38298
1.52633
1.39149
1.80188
1.0685
1.31654
1.70612
1.58305
0.936863
1.55668
1.50326
1.61733
2.0273
1.57312
1.83432
1.58229
1.42683
1.46544
1.00571
1.47943
0.943126
1.11331
1.3444
1.56459
1.45622
1.12237
1.50129
1.24737
1.32893
0.77505
1.01554
1.44626
1.13528
1.70478
1.57709
1.20056
1.45391
1.59433
1.46258
1.84971
1.38818
1.74887
1.2301
1.28419
0.798373
1.57583
1.273
1.45816
1.18356
1.25011
1.00244
1.00598
1.48259
1.4113
1.04935
1.54553
1.62523
1.36003
1.43518
1.15491
1.44044
1.24868
1.09452
1.42403
1.65387
1.46031
1.5886
1.61961
1.3699
1.59145
0.958567
1.36138
1.63301
1.28723
1.41497
1.18631
1.36267
1.36528
1.44535
1.31707
1.4386
1.24404
1.12978
1.43812
1.80739
1.31008
1.51778
1.04832
1.24407
1.47435
1.79801
1.40737
1.66859
0.977869
1.37082
1.36293
1.48416
1.03105
1.47897
1.55372
1.51776
1.78708
1.49247
1.22955
1.11387
1.32715
1.52324
1.41207
0.777047
0.963906
1.28672
0.90555
1.37385
1.43399
0.975045
1.32772
1.19367
1.25035
1.23345
1.33775
1.42456
1.01051
1.09778
1.51877
1.43564
1.1846
1.14297
0.930201
0.81309
1.41927
1.41357
1.46642
1.66871
1.36013
1.17838
1.25995
1.12871
1.3663
1.34504
1.55367
1.04277
1.00844
1.18945
0.701327
0.982687
1.01791
1.19379
0.954781
0.932988
1.12505
1.20715
1.69685
1.40586
1.04365
1.32887
1.05592
1.02622
1.1626
1.04444
1.06293
1.18214
1.34102
1.17245
1.42811
1.76048
1.11593
1.42673
1.33745
0.922948
1.12151
1.40057
1.49844
1.16426
1.28143
1.77071
1.63446
1.51378
1.35896
1.03239
0.659061
1.40911
1.65793
1.43456
1.75901
1.61037
1.56517
1.44198
1.19635
1.50376
1.01716
1.70701
1.37579
1.22533
1.19093
0.948154
1.13728
1.14225
1.0331
1.26316
1.36757
1.53397
1.20404
1.57672
1.28241
1.14107
1.34889
1.13971
1.21508
0.862917
1.07686
1.50687
1.25939
1.37237
0.928041
1.02438
1.24255
0.939236
1.20565
1.22342
0.869576
1.23743
1.1166
1.07482
1.11939
1.05409
1.43854
1.23286
0.806236
0.936645
0.908451
1.06764
0.84527
1.14665
1.33384
0.908851
0.983263
0.595333
0.750292
1.28431
1.16569
1.18878
0.858142
0.888141
1.17675
1.20247
1.14971
0.992641
1.03211
1.28091
0.744769
0.780803
0.959349
1.11703
0.907915
0.813915
1.22348
0.695187
0.837899
1.01238
1.30453
1.29261
1.43989
1.62017
1.34562
0.837643
1.37188
1.39049
1.50884
1.2659
1.63494
1.13707
1.71125
1.16357
1.00927
0.983971
0.967685
1.43091
1.35058
1.00382
1.44511
1.6032
1.28745
0.940844
1.30608
1.29343
1.46959
1.61962
0.837145
1.18973
1.58021
1.04463
1.31741
1.11874
1.26024
1.56778
1.42646
1.13904
0.841284
1.22086
1.20863
1.06656
1.29472
1.65877
1.16553
0.874631
1.30971
1.18622
1.16233
1.47375
1.27451
1.59509
1.57758
0.785814
1.41113
1.4275
1.22758
1.4114
1.23916
1.33084
1.44411
0.790127
1.59241
1.58293
1.30357
1.27817
0.974069
1.10508
1.4829
1.63057
1.54327
1.78925
1.32886
1.36057
1.55267
1.62055
1.50626
1.56912
1.24422
1.21435
1.44695
1.33087
0.966538
1.15568
1.12643
1.18597
1.08556
1.18765
1.24666
1.51104
1.95928
1.82547
1.65705
1.47407
1.35425
1.38642
1.49246
1.14738
1.14362
1.18363
1.55836
0.815858
0.99823
1.36342
1.2237
1.73608
1.70518
1.39395
1.64038
1.62107
2.03064
1.49803
1.38591
1.4386
1.37273
1.6234
1.12929
1.49222
1.76231
1.14609
1.44018
1.03993
1.16573
1.56578
1.10473
1.18215
1.07655
1.36446
1.6597
1.23793
1.62913
1.1908
1.06919
1.81049
1.27235
1.26013
1.48196
1.45101
1.14919
1.31463
1.41626
1.09316
0.979643
1.06724
1.57481
1.90164
1.35182
0.946119
1.60924
1.81205
1.59934
1.60405
1.40862
1.36591
1.34902
1.16256
1.69618
1.16114
1.40686
1.55772
1.43155
1.32202
1.17193
1.43471
1.52718
0.89863
0.985328
0.926174
1.61027
1.2177
1.67112
1.4017
1.08036
1.25768
1.74238
1.43739
1.63814
1.31141
1.42296
1.451
1.05986
0.887056
1.33963
1.4234
1.41221
1.3027
1.46904
1.0519
0.941462
1.39269
1.65723
1.531
1.30642
1.44737
1.12827
1.34829
1.22933
0.95788
1.46905
0.626089
1.28981
1.06325
1.12859
1.38549
1.15741
0.788244
1.25457
1.57743
1.21035
1.36394
1.16892
1.20685
1.48475
1.63079
1.08625
1.3847
1.34956
1.05303
1.07299
1.23462
1.01569
1.11693
1.09187
0.959215
0.730323
1.00679
1.16387
0.974932
1.63396
1.66055
1.37175
1.25401
1.2834
1.20135
1.26137
1.34516
1.14556
1.27804
1.41285
1.06156
1.3668
1.28961
1.4404
1.36141
1.35529
1.93253
1.37981
1.32689
1.4272
1.17314
1.42703
1.36805
1.56004
1.76915
0.853067
1.52147
1.01015
1.40827
1.54693
1.28657
1.25587
0.954769
1.41591
1.32361
1.33555
1.32284
1.41862
0.889945
1.6705
1.00132
1.20453
1.28235
1.55462
1.45675
1.26626
1.35306
1.18989
1.1955
1.23736
1.60565
1.82097
1.49025
1.20782
1.88963
1.83548
1.78382
1.68147
1.522
1.82406
1.36515
1.43051
1.28111
1.36871
1.95939
1.42815
1.66143
1.52573
1.35272
1.53148
1.40781
1.18288
1.39035
0.891406
1.31886
0.993412
1.61119
1.39977
1.08021
1.79665
1.44574
1.14762
1.50821
1.32162
1.28654
1.72558
1.64667
1.67433
1.47047
1.19783
1.31395
1.1801
1.15291
1.40153
1.63857
1.15681
1.10303
1.21004
1.4611
1.14992
1.78641
1.55024
1.79306
1.36547
1.24829
0.972969
1.15574
1.43306
1.03165
1.72157
1.38765
1.58506
1.42032
1.22354
1.5668
1.20903
1.26005
1.54147
1.19262
1.32274
1.29357
1.23431
1.13225
0.702608
1.4771
1.32368
1.6412
1.18091
1.50291
1.36901
1.42
1.51804
1.24473
1.49655
1.22317
1.32275
1.69455
1.38415
1.16291
1.48386
1.27001
1.29168
1.67879
1.36411
0.865803
0.93573
0.976182
1.40385
1.40532
1.47459
1.53592
1.31099
1.59651
1.19338
1.04688
1.61787
0.960514
1.28522
1.04179
1.49818
0.661641
1.32686
1.22554
1.36216
0.934472
1.52268
1.22501
1.29235
1.23425
1.34957
1.34525
1.0834
1.00579
1.19856
1.34296
1.14673
1.33679
1.56417
0.861821
1.59211
0.969169
1.52642
1.57761
1.90644
1.33963
1.37202
1.14216
0.881609
1.48205
1.2593
1.82807
1.06423
1.54904
1.22223
1.41814
1.64699
1.77649
1.42223
1.64909
1.3294
1.30919
1.69495
1.14216
1.562
1.06387
1.4483
0.990051
1.52619
1.2997
1.71034
1.74871
1.57173
1.83351
1.29264
1.75313
1.68099
1.49987
1.57397
1.62972
0.688049
1.08296
1.14963
1.50683
1.20184
1.296
1.01468
0.872376
1.46067
1.13316
1.39594
1.0361
1.38386
1.2996
1.55757
1.42289
1.6329
1.31938
1.30827
1.20924
1.09584
1.63396
1.10491
1.42178
1.04339
1.22437
0.970644
1.27735
0.869163
1.46028
1.64095
1.36052
1.44814
1.34393
1.56239
1.5712
1.63166
1.39825
1.37766
1.87983
1.82396
1.36929
1.18119
1.29421
1.25165
1.24076
1.35115
1.51043
2.0219
1.66826
1.23343
1.23143
1.34226
1.71409
1.6942
1.72223
1.46482
1.10741
1.63733
1.0544
1.18803
0.853346
1.55447
1.52057
1.41649
1.40138
1.29398
1.61166
0.93273
0.968348
1.52956
1.04013
1.05708
1.31941
1.2287
1.45174
1.17556
1.13754
1.24525
1.09549
0.935123
0.896625
0.967977
1.43128
1.16403
1.41377
1.11234
1.1068
1.33405
1.55537
1.3065
1.57631
1.19272
1.1529
1.12164
1.22339
1.2742
0.992748
1.02849
1.12594
0.906578
0.993965
1.0273
1.01355
1.58638
1.56558
1.43101
1.39554
1.19458
1.29686
1.42449
1.33
1.00495
1.26047
1.2338
1.23645
1.23237
1.29164
1.41008
1.35951
1.40417
0.834116
0.951931
1.15478
1.15232
1.51226
1.08953
1.47179
1.37659
1.00738
1.47315
1.32256
1.7107
1.70411
1.59
1.40414
1.1711
1.05765
0.754606
1.33474
1.28747
1.70182
1.45671
1.31162
1.22792
1.28216
1.44389
1.68992
1.24745
1.42515
1.49517
1.5009
1.33156
1.31964
1.51408
1.04608
0.971558
1.518
1.13689
1.63144
1.6499
1.00419
1.74591
1.66512
1.53173
1.16509
1.47293
1.56546
1.68744
1.4497
1.50742
0.729547
1.29734
1.39687
1.19643
1.44312
1.8005
1.41172
1.42118
1.45691
1.53462
1.65929
1.59285
1.03637
1.14672
1.19687
1.34482
1.63533
1.47158
1.59582
1.36743
1.48541
1.06557
1.44719
1.65965
1.19704
1.46652
1.4653
0.858612
1.48359
1.33404
0.936785
1.59011
1.14083
1.52075
1.0549
1.36917
0.956416
1.43568
1.54102
1.57143
1.18052
0.766578
1.2695
0.935213
1.34074
1.29008
1.02539
0.769165
1.26155
1.14657
0.96589
1.28551
1.47034
1.29221
1.08793
0.958934
0.974035
1.48509
1.42579
1.08146
1.17065
1.40356
0.98008
1.23165
1.33648
1.07729
1.30572
1.31098
1.18148
1.02182
1.40778
1.27203
1.25685
1.06227
1.04491
0.922514
1.22817
1.39205
0.981762
1.02959
0.92891
1.33678
1.34752
1.40861
1.40199
1.36096
1.18275
1.21061
1.12197
1.42009
1.16554
1.24636
1.04778
1.37512
1.09961
1.13547
1.24387
0.992941
1.26137
1.1174
1.23475
0.921587
1.36691
1.45562
1.31654
1.32834
1.20792
0.973773
1.0847
1.0984
1.00866
0.982015
1.1737
1.54888
1.28394
1.44015
1.22929
1.36296
1.25696
1.25137
1.30087
1.04987
1.55076
1.02896
0.946989
1.06394
1.12985
0.865608
1.11789
0.876365
1.03883
0.979251
1.17212
0.719826
1.44165
1.26557
1.07413
1.30959
1.07663
1.07535
0.863761
1.3394
1.35842
1.12361
0.762754
1.50584
1.17999
1.12724
0.976132
1.33647
1.33417
1.66924
1.37647
1.63075
1.07611
1.44583
1.59048
1.36045
1.19499
1.20419
1.32073
1.19738
1.37049
1.06905
1.11958
1.21194
1.22622
1.55639
0.916998
1.40786
1.42242
1.32952
1.39529
0.923987
1.37285
1.06324
0.8226
0.670485
0.899792
1.25115
1.53122
0.976458
1.39691
1.20333
1.60795
1.42443
1.76517
1.11429
1.3295
1.48807
1.15394
1.10065
1.51057
1.03507
1.14396
1.20869
1.39582
0.758188
1.14898
1.42533
1.27897
1.37157
1.127
1.18102
0.99597
1.09793
1.23071
0.96146
1.42691
1.17521
1.59364
1.0349
1.54217
1.47374
1.69303
1.11826
1.08251
1.19998
1.26849
1.38162
1.19601
0.883303
1.25178
1.29279
1.39337
0.9188
1.31148
1.29652
1.29113
1.38072
1.34697
1.13462
1.40964
1.53836
0.733382
1.33836
1.48473
1.36951
1.49234
1.55412
1.70788
2.05516
1.55305
1.48291
1.08142
1.44859
1.14936
1.46688
1.00952
1.67024
1.52926
1.24256
1.25978
1.31125
1.34654
1.62208
1.28371
1.15658
0.828333
1.32019
1.17851
1.45306
0.985187
1.07404
1.23589
1.43215
1.5238
1.48972
1.41968
0.935137
1.36497
0.660538
0.936184
1.28978
1.40356
1.5946
1.46133
1.51717
1.04852
1.26099
1.3988
1.58393
1.51533
0.981034
1.30475
0.889833
1.61058
1.24013
1.21893
1.01113
1.65322
1.21547
1.64954
0.890943
1.48914
0.940956
1.10878
0.753846
1.3468
1.20247
1.2593
1.23297
1.3317
0.784804
0.849923
1.34259
1.21246
0.832663
0.846077
1.23637
1.35953
1.19452
1.25224
1.18014
1.4141
1.4393
1.54611
1.24198
1.16856
1.45116
0.95217
0.969512
1.33614
0.99488
1.05642
1.06077
1.39434
0.518577
1.03599
1.176
1.26175
1.43165
1.4841
1.18353
1.37593
1.39995
1.25029
1.28621
1.36339
1.5548
1.29459
1.20017
1.52545
1.16785
1.31913
1.46403
1.18885
1.10862
1.0394
1.41057
0.84054
1.25591
1.18884
1.17621
1.49391
1.30385
1.43548
1.33168
1.27286
1.56218
1.33123
1.91563
1.34157
1.28273
0.819844
1.26861
1.127
1.40302
1.06275
1.57379
1.36102
1.17828
0.996914
1.06632
1.16007
1.29988
1.17259
1.46415
1.19507
1.54728
1.28477
1.26622
1.73505
1.37517
0.960247
1.50653
1.51342
1.41186
1.44208
1.21137
1.31575
1.32591
1.0779
1.1473
1.12003
0.582175
1.35693
1.74647
1.27542
1.57164
1.49513
1.42046
1.71608
1.19933
1.0918
1.55867
1.27581
1.1818
1.65427
1.47168
1.62167
1.67842
1.35475
1.20567
1.40963
1.55328
1.38242
1.49385
1.25713
1.24104
1.07564
1.26789
1.17058
1.17689
1.23039
0.933921
0.695995
1.17299
1.59414
1.47947
1.2198
1.10246
1.23825
0.871531
1.16746
1.55455
1.32519
1.61344
1.25392
1.13586
0.946938
1.22884
1.14745
0.900436
1.19001
0.693174
1.42484
1.10677
1.02704
1.60364
1.07133
1.02941
1.24724
1.57016
1.37941
1.34017
1.2623
1.58646
1.07026
1.29661
1.22643
1.45712
1.34784
1.54864
1.74092
1.14328
0.978129
1.38526
1.59728
1.44778
1.24847
1.37651
1.33748
0.857207
1.20964
1.11845
1.29686
1.27922
1.41224
1.67486
1.41955
1.1274
1.03862
1.15793
0.947793
1.13746
0.951381
1.2178
1.2891
1.27443
1.46733
1.07025
1.45812
0.949331
1.99614
1.5734
1.30158
1.7054
1.51952
1.51687
1.57633
1.66091
1.56908
1.28307
1.21222
1.30568
1.07792
1.17433
1.39754
0.935705
1.19011
1.28604
0.932249
0.782149
1.09676
1.14479
1.18796
1.36109
1.00529
1.38449
1.1096
1.35917
1.4597
1.27102
1.23384
1.12788
1.31904
1.06848
1.33816
1.65604
1.12287
1.0858
1.23739
1.50233
1.69309
1.30856
1.2251
1.18058
1.19018
1.34775
1.17485
0.645962
0.9197
1.02185
1.56334
1.54345
1.16789
1.48515
1.09733
1.21092
1.41541
1.50816
1.27966
1.2889
1.38881
1.36795
1.31702
1.29412
0.940306
0.782995
1.23638
1.42808
1.00812
1.40662
1.21668
0.995619
1.45507
1.27465
1.20007
1.21656
1.71846
1.53776
1.05278
1.15852
1.20319
0.861283
1.21921
1.09669
1.40111
1.59979
1.00684
1.49318
0.867784
0.920552
0.956297
1.46292
1.70887
1.04297
0.993996
1.05141
1.13901
1.28048
1.40264
1.21301
1.16589
1.17874
1.11154
1.29093
0.776852
0.862607
0.912828
1.193
0.746833
1.29071
1.28226
1.26626
1.59664
1.0758
